101
122
76
43
107
1
123
81
55
2
120
109
49
59
114
109
27
67
5
1
25
66
26
20
36
106
86
122
123
70
124
109
53
25
121
54
2
102
25
4
68
82
28
32
67
105
1
85
110
45
123
21
102
112
96
97
96
76
115
17
102
114
82
30
111
29
91
37
4
99
126
66
125
93
109
121
63
17
47
99
94
89
114
101
74
116
31
8
123
24
76
105
82
84
123
73
85
9
19
2
54
20
32
67
2
7
120
127
116
109
89
33
113
103
127
18
122
0
78
74
85
101
123
115
62
81
54
63
112
68
81
115
101
9
21
23
75
76
7
87
123
120
94
87
19
85
66
21
26
78
91
17
31
111
88
110
8
86
40
36
17
76
51
63
32
74
25
111
80
111
91
86
8
117
51
113
98
85
29
9
66
94
75
120
39
125
100
122
70
122
31
2
5
110
20
17
89
120
83
105
33
102
4
1
122
45
91
111
27
123
101
26
97
108
2
122
99
99
18
2
127
8
16
119
75
79
26
54
16
28
113
20
3
107
102
3
98
112
66
81
27
116
109
66
83
116
35
2
108
108
103
66
125
90
59
120
4
7
97
82
97
98
30
124
67
49
31
78
111
3
113
115
31
3
106
91
104
46
122
87
95
105
125
41
108
5
8
126
27
1
110
112
87
91
28
34
45
0
28
125
114
80
9
115
20
29
18
86
118
66
66
124
3
85
87
109
26
80
66
17
82
105
103
124
32
102
81
83
88
109
26
124
88
84
117
67
120
76
31
66
90
17
107
92
96
8
84
10
73
98
8
114
31
121
122
108
110
51
26
28
34
29
121
20
64
105
0
6
63
89
109
108
118
9
21
102
90
118
28
20
34
106
21
109
40
56
0
15
83
64
68
20
109
8
63
19
115
13
115
67
126
110
9
81
18
6
75
63
96
109
83
10
34
69
123
126
92
78
73
7
78
10
91
109
29
121
15
35
36
16
82
23
54
123
92
1
56
76
0
29
101
29
123
111
110
14
100
47
103
40
17
110
102
60
81
79
124
119
76
11
29
14
9
111
29
125
33
29
116
98
33
26
29
13
7
7
24
67
126
128
106
92
6
67
103
83
63
28
118
110
108
84
27
117
66
67
19
111
74
13
65
37
28
34
102
4
29
104
75
71
87
25
119
97
122
28
0
76
95
73
10
92
12
110
110
2
122
5
121
121
16
29
32
24
4
48
121
122
29
106
78
4
82
102
34
99
108
69
28
100
9
90
113
69
2
110
49
98
105
89
74
5
89
109
115
7
115
111
83
111
24
95
114
83
16
87
87
97
74
5
75
120
9
54
75
10
31
102
86
76
17
2
29
72
83
30
53
86
67
50
5
84
17
108
14
16
16
2
75
53
11
123
125
108
100
18
92
98
105
73
20
68
66
8
27
65
53
124
122
22
60
113
70
77
26
5
81
37
88
98
34
14
27
119
104
66
109
115
97
39
105
20
117
36
30
27
33
121
122
98
68
113
78
76
98
1
68
10
112
62
20
5
103
107
5
105
65
111
27
2
34
109
27
126
98
76
105
0
52
112
88
2
108
91
123
119
112
60
9
104
83
92
114
112
74
102
113
21
22
81
84
118
104
3
5
39
80
53
112
8
3
8
106
63
77
91
24
69
38
54
75
76
17
109
2
117
31
89
85
47
96
20
18
51
9
24
117
68
113
112
55
80
14
41
7
118
107
18
28
26
116
27
1
62
6
23
107
113
74
111
12
47
97
61
12
106
123
110
19
69
14
99
78
116
80
89
64
20
98
122
6
66
112
69
77
89
95
80
105
90
84
74
121
34
112
93
1
97
4
13
111
90
117
111
66
116
103
109
118
66
111
22
95
2
45
26
78
120
99
37
109
29
124
107
123
121
115
24
123
98
92
2
106
51
79
126
102
29
78
80
97
26
15
26
27
103
1
77
89
124
102
127
27
47
31
85
8
37
82
102
12
109
107
98
1
25
108
22
125
70
27
29
97
116
23
88
87
108
76
77
1
50
117
124
99
18
112
78
101
19
59
71
92
98
52
123
25
20
8
109
6
67
20
74
102
33
103
93
105
120
16
19
94
114
0
82
7
33
54
123
15
1
103
69
119
67
66
90
107
120
5
22
95
12
66
40
21
111
5
25
94
84
88
83
91
116
20
82
90
48
0
44
84
17
29
20
81
35
76
29
66
27
29
76
1
53
29
47
74
37
66
82
115
10
90
66
111
110
78
120
74
1
78
75
9
80
5
74
81
77
124
105
74
64
102
19
73
113
28
110
21
86
2
29
76
1
33
73
28
77
9
91
94
28
47
31
81
83
117
34
25
69
66
122
2
63
103
30
27
11
74
90
82
0
28
11
0
36
33
120
28
46
34
111
87
107
105
67
2
28
125
93
20
6
102
124
22
93
86
76
46
17
68
105
12
10
123
12
78
102
17
80
9
104
105
9
114
4
104
126
123
35
104
7
87
33
76
26
79
25
88
22
81
110
1
98
79
28
126
18
66
113
48
49
6
99
108
87
108
83
32
52
115
24
29
9
4
32
63
6
47
124
28
124
28
119
97
14
82
16
13
34
87
105
8
76
76
67
87
52
62
103
0
113
115
25
110
84
55
104
56
6
111
33
67
14
126
110
28
75
103
96
25
76
123
25
128
76
124
33
75
123
108
0
122
24
82
7
1
97
88
62
69
119
82
19
25
62
24
128
52
100
22
73
51
13
109
75
29
35
33
114
77
83
94
79
76
123
93
3
18
76
27
29
122
111
86
20
74
18
87
65
22
75
84
79
4
34
46
49
91
112
120
118
25
108
76
121
78
3
73
12
99
27
8
124
106
83
67
33
108
80
102
70
14
65
111
17
119
125
0
28
20
122
8
45
5
126
111
76
59
2
75
82
31
98
98
4
22
8
82
100
68
93
105
27
19
38
114
125
81
22
112
108
122
111
10
13
30
8
108
109
115
52
30
87
73
98
30
4
87
37
113
111
20
16
18
85
48
118
4
115
37
34
118
115
113
122
77
47
91
76
122
122
47
103
125
93
112
117
43
13
112
104
10
10
49
49
119
12
74
102
112
90
112
41
19
65
88
105
3
82
2
2
22
4
124
74
29
5
31
46
30
28
99
35
82
29
87
89
122
86
113
48
23
77
7
17
77
92
80
86
123
32
108
80
0
30
18
65
48
128
14
88
6
100
81
65
5
1
6
40
114
104
105
77
23
35
30
104
63
7
66
105
55
3
18
28
49
102
44
111
19
4
10
115
60
14
85
108
119
80
34
125
125
76
55
62
83
86
66
28
117
1
66
76
29
76
0
49
113
101
19
115
119
108
21
12
25
76
123
6
5
112
91
125
123
38
102
74
114
20
115
99
27
90
8
124
26
23
83
0
10
120
28
6
20
57
72
109
101
42
3
6
121
50
74
71
102
105
115
93
14
66
43
107
102
80
80
74
124
99
36
7
107
124
110
67
67
73
107
112
27
31
10
77
90
83
79
4
23
50
98
116
110
114
23
0
98
102
111
17
85
5
108
88
1
115
125
8
120
20
10
24
75
5
21
91
18
19
76
111
42
68
2
7
105
84
34
81
69
88
16
102
13
81
111
45
78
80
26
108
81
28
105
58
17
92
80
125
76
19
109
64
4
76
84
123
17
25
22
22
98
52
3
76
3
63
118
3
68
7
110
31
80
4
115
106
109
59
81
20
102
53
36
120
123
106
7
30
110
1
62
124
104
119
2
114
26
28
122
105
63
0
89
105
108
12
75
74
122
73
61
114
105
75
0
68
102
73
100
64
13
65
48
123
19
124
105
69
22
113
9
121
30
12
75
35
31
54
98
124
107
77
107
121
52
4
97
27
0
99
23
70
122
112
24
11
110
8
2
11
112
118
32
81
17
80
18
18
77
5
0
106
57
20
84
117
80
103
76
109
109
125
2
0
53
74
38
97
83
24
5
65
82
0
91
20
122
20
6
90
107
76
122
73
50
5
23
108
99
110
123
86
68
103
24
120
114
3
80
2
80
94
14
44
95
104
1
69
2
50
102
107
0
21
48
33
49
10
69
127
125
29
21
92
49
78
125
112
77
25
97
80
33
104
63
32
3
121
86
121
92
110
30
46
31
33
125
75
110
19
102
90
20
22
23
92
29
102
68
1
4
66
105
123
27
90
66
81
87
62
17
111
34
27
10
25
121
23
13
108
120
114
31
121
83
120
19
108
114
3
58
12
110
92
63
1
111
8
64
117
73
4
5
100
49
2
54
8
110
66
49
106
57
100
7
69
5
70
98
14
124
109
86
45
27
94
98
124
110
108
15
27
17
62
35
20
80
34
88
98
110
113
38
8
96
91
12
113
9
110
63
32
115
96
28
124
2
117
82
108
19
9
17
110
75
123
28
29
33
19
82
85
24
110
48
118
31
117
68
113
109
28
90
100
115
5
27
122
63
5
17
52
75
27
118
13
123
0
16
85
86
106
5
117
2
29
92
10
117
102
68
61
118
78
2
97
106
63
